7007
5233
8629
1996
9398
9092
4265
9023
8749
2034
6537
1057
7161
1543
4805
1828
9859
9350
1189
7141
8440
4483
6331
8320
1358
9708
3111
8690
6495
9936
9106
5897
4513
9278
10016
3383
5935
9139
5217
8959
1080
3527
3769
8582
5023
5067
1850
9788
9490
6719
1174
6159
5345
8038
8001
8283
9926
1557
8811
3849
1480
3833
8165
6767
8365
8804
5351
4285
9409
1295
9341
9872
1115
9303
1793
8643
9987
3997
8187
8988
3397
8747
4561
9302
6527
5335
4367
4229
4537
8851
8053
3709
3465
8302
3047
5853
8859
3887
1635
9382
9801
10124
5425
1913
6041
1062
3255
6483
9807
8968
1737
8488
3247
6261
6649
5905
3923
4665
1216
8184
10055
8748
9362
8896
3515
8463
6501
3951
4989
6055
3865
4071
6929
9009
1888
5745
9013
7139
4981
8327
3261
1131
5049
4711
9373
8663
9232
6949
5689
9653
5463
10144
8591
8821
5943
6639
10123
5223
3759
5563
1079
9158
1645
5543
9608
8457
1054
3811
5505
9559
3691
1095
9268
3487
5937
8731
5947
4829
1820
1025
8279
1034
9539
5009
6551
9631
8802
1706
9408
10027
8692
5903
5267
5975
5297
4785
9768
6353
8980
1935
1355
8191
8095
1725
8512
5985
9284
8057
9530
8969
6593
3169
5347
6031
8519
1985
10133
8424
1075
6195
5831
3121
3883
9792
7181
5571
4815
1552
9602
9154
3947
8883
9177
1246
8620
1438
3089
4001
1977
4987
6541
8432
5043
8879
8096
1577
6713
9077
4155
1342
5669
1400
1460
5187
5737
5707
8023
9685
1237
9332
8136
9041
1222
8082
8842
7165
1808
3349
5149
9206
9994
5397
9343
8238
9933
8948
1229
9335
6757
6193
3475
9731
8485
1085
8436
8236
9769
5119
1927
6741
10089
6437
4165
8565
8005
2012
4473
8602
5729
8854
4245
3027
9130
6923
9751
7041
1128
9231
6453
8355
9385
5193
6145
1298
1722
8430
8990
1049
10090
3663
9529
6165
3823
9294
5561
8025
4377
6817
2035
1212
1987
6243
1686
1133
8715
8907
9990
1119
5091
9717
8337
7223
3685
3237
1356
6285
9585
9387
8752
8155
8316
8848
8741
5377
8313
7029
5819
6037
4101
6729
1185
9898
10106
1073
9577
3333
9496
8360
8015
7143
8382
9946
8736
9540
8935
7175
8891
4603
1266
1889
8291
1753
1496
1053
10021
8112
8498
5383
8073
8805
9618
8182
8478
5323
8930
10003
1795
9475
9668
9372
6787
8210
6175
3031
8338
6323
4409
4407
3015
9564
9086
3737
4157
5957
5535
9665
9331
8829
5257
4637
9812
8862
3107
5325
1503
3535
9831
7085
8123
3071
3609
6561
9883
9403
1259
4859
9860
4769
8006
3159
3539
9878
1493
10088
6813
8934
9215
3073
9512
3183
1758
10139
8725
6939
5071
9843
6989
1919
4699
5365
9473
5847
8353
8063
9922
4697
10136
9164
8044
5667
3683
8081
4039
1741
6869
8470
8641
8418
1827
8998
1900
8239
9289
8885
1698
1903
6387
1631
10068
1938
10061
8101
1684
1742
9055
8271
1198
7211
1519
4599